200000060000075030048090100000300000300010009000008000001020570080730000090000004 
807000003602080000000200900040005001000798000200100070004003000000040108300000506 
008009320000080040900500007000040090000708000060020000600001008050030000072900100 
600108000009070003005000080310005800000000000007600042090000400400030100000207006 
030010060020004000100003500300090000860000041000070008005900002000100090040080050 
001093000000100004020060370700000005080504060400000008092080010100009000000340600 
040390100005002000100800006003500900000000000006008300700004009000700400009056080 
800020070000500009340700000070000400005301700001000030000004067100006000020050008 
000090200504008006000000005002007010000605000030800900100000000400300709008040000
000050060102400000350007004004000050000209000090000100500800013000006408030090000
900340000001000000030000850020501600050000010004903080082000030000000900000072005
600002090050004030000008001506000000910000084000000905200700000060300040070500002
300004800010000200600009000000081700020000080003560000000100004004000030008700009
500000070009500000070039100080070010002090600040010030008250040000006800020000005
000030900000900008570004000300076040004000100020490007000500063100007000008060000
500000000040150090000209006207000030600010004050000801800403000030085020000000003
504000000100300000000006480006002007900107006400600900057800000000001009000000603
002000079008130000000000840200017000070000030000590002069000000000063100520000400
040000020605200000000450900010009400400708005002100080007036000000002301080000060
000307060070900000102000007004006205006000700507200900700000804000001030030509000
003002070800003050096000300000078600000409000004610000001000780080900003020300400
100008003000000260003000540010857009000000000500213080062000400071000000300400007
500032000000001890000006400000000026009000700480000000007500000041200000000960003
030074000602003000107000000805060002020000090700020501000000607000200905000510030
030060900290000000000000710000100480000206000069003000084000000000000035007090020
080006902010000050900050003000000007005801200300000000600090004030000070407600080
600008300000000857043000000700010400000723000001040006000000120526000000008300004
000090005100800000038007040009008000756000823000200600040500790000001008600020000
100000000009580040025600000090070080008000500010040070000008630070034200000000009
006005700070000002000608004000050030001807900080060000400901000100000060008700300
000000306030068000090040010350020100000804000004090067070030090000510070506000000
090002030050040006000000074000080200010000050004070000930000000800030060020900010
000005304500020001006040007000009270080000090079100000800030600700050002304600000
000502700000600001004000200000008046600000009190700000007000500400009000003801000
009080000060270009000000501006800007000764000400009200103000000200048060000050800
000306000025000300901000020200000080000814000070000009060000103004000760000407000
100900074000004020000080056030000700000635000002000090590060000020100000460002001
000000003000001700650000048020009670000050000078300020790000061004500000200000000
000000042900040010030005008020370500000020000005091060100700030080010007690000000
105070000000100204900000070060007000004201600000600030090000001607008000000090803
000000070034100000700060405502008700000020000008900506301040007000009860020000000
060000008000100907050030004007051006000000000600490200900040080104003000200000030
090060000100000806003200007000800019005000200270001000500004700704000003000050060
009200050380017000000000060400020980000000000038040007040000000000980036020005100
280001900000000070000060012032008007000040000400500820320070000010000000008900054
100000007500643000009000000010000008406205309300000070000000200000381004900000005
010020000060004800004609030000100600050000090002003000030506100009800050000070040
096800000700050060800041000020000700500000001008000090000160009040090006000007230
680507000000000200000021800030060105000000000906040080001290000009000000000803097
600000300205080700090007000400000001000561000900000002000200050008010604003000009